%% through T

d1=[1.66923	0.982617
1.66853	0.98274
1.66784	0.983477
1.66714	0.984712
1.66645	0.986312
1.66575	0.988183
1.66506	0.990263
1.66436	0.992438
1.66367	0.994485
1.66298	0.996118
1.66229	0.997114
1.6616	0.99743
1.6609	0.997183
1.66021	0.996538
1.65953	0.995588
1.65884	0.994348
1.65815	0.992824
1.65746	0.991065
1.65677	0.989128
1.65609	0.987012
1.6554	0.984644
1.65472	0.981977
1.65403	0.979124
1.65335	0.976421
1.65266	0.974333
1.65198	0.973238
1.6513	0.97324
1.65061	0.974169
1.64993	0.975766
1.64925	0.977881
1.64857	0.980504
1.64789	0.983586
1.64721	0.986849
1.64653	0.989766
1.64586	0.991749
1.64518	0.992408
1.6445	0.99171
1.64382	0.990004
1.64315	0.987886
1.64247	0.985985
1.6418	0.984757
1.64112	0.984395
1.64045	0.984881
1.63978	0.986094
1.6391	0.987833
1.63843	0.989771
1.63776	0.991427
1.63709	0.992301
1.63642	0.992108
1.63575	0.990948
1.63508	0.989272
1.63441	0.987632
1.63374	0.986411
1.63308	0.985715
1.63241	0.985473
1.63174	0.985629
1.63108	0.986227
1.63041	0.987351
1.62975	0.989007
1.62908	0.991066
1.62842	0.993268
1.62775	0.995256
1.62709	0.996619
1.62643	0.99698
1.62577	0.996095
1.62511	0.993927
1.62445	0.990713
1.62379	0.987017
1.62313	0.983698
1.62247	0.981676
1.62181	0.981544
1.62115	0.983282
1.62049	0.986291
1.61984	0.989708
1.61918	0.992757
1.61852	0.994953
1.61787	0.996171
1.61721	0.996614
1.61656	0.996663
1.61591	0.996641
1.61525	0.996649
1.6146	0.996585
1.61395	0.996313
1.6133	0.995776
1.61265	0.995004
1.612	0.994111
1.61135	0.993329
1.6107	0.992943
1.61005	0.993077
1.6094	0.993493
1.60875	0.993673
1.6081	0.993167
1.60746	0.991861
1.60681	0.989929
1.60616	0.987597
1.60552	0.985053
1.60487	0.982563
1.60423	0.980569
1.60359	0.979519
1.60294	0.979581
1.6023	0.980555
1.60166	0.982094
1.60102	0.984007
1.60038	0.986325
1.59973	0.989114
1.59909	0.992226
1.59846	0.995233
1.59782	0.997577
1.59718	0.998818
1.59654	0.998844
1.5959	0.997912
1.59526	0.99648
1.59463	0.994941
1.59399	0.993467
1.59336	0.992084
1.59272	0.990834
1.59209	0.989841
1.59145	0.989201
1.59082	0.988853
1.59019	0.9886
1.58955	0.988233
1.58892	0.987633
1.58829	0.986757
1.58766	0.985578
1.58703	0.98407
1.5864	0.982301
1.58577	0.980556
1.58514	0.979358
1.58451	0.979264
1.58388	0.980531
1.58326	0.982935
1.58263	0.985931
1.582	0.989
1.58138	0.991836
1.58075	0.994225
1.58013	0.995908
1.5795	0.99667
1.57888	0.996542
1.57825	0.995803
1.57763	0.99471
1.57701	0.99331
1.57639	0.991567
1.57576	0.989644
1.57514	0.98797
1.57452	0.987018
1.5739	0.987041
1.57328	0.987988
1.57266	0.989584
1.57204	0.991431
1.57143	0.993093
1.57081	0.994214
1.57019	0.994628
1.56958	0.994415
1.56896	0.993827
1.56834	0.99314
1.56773	0.992515
1.56711	0.991975
1.5665	0.991504
1.56588	0.991192
1.56527	0.99126
1.56466	0.991926
1.56405	0.993225
1.56343	0.994918
1.56282	0.996546
1.56221	0.997574
1.5616	0.997591
1.56099	0.996529
1.56038	0.994752
1.55977	0.992876
1.55916	0.991396
1.55856	0.99045
1.55795	0.98992
1.55734	0.989712
1.55673	0.98987
1.55613	0.990397
1.55552	0.991085
1.55492	0.99159
1.55431	0.991717
1.55371	0.991598
1.5531	0.991568
1.5525	0.991881
1.5519	0.992492
1.5513	0.993083
1.55069	0.993276
1.55009	0.99288
1.54949	0.992012
1.54889	0.991044
1.54829	0.990411
1.54769	0.99037
1.54709	0.99083
1.54649	0.991363
1.5459	0.991448
1.5453	0.990825
1.5447	0.989702
1.5441	0.98863
1.54351	0.988164
1.54291	0.988575
1.54232	0.989768
1.54172	0.991331
1.54113	0.992652
1.54053	0.993154
1.53994	0.992643
1.53934	0.991535
1.53875	0.990646
1.53816	0.990651
1.53757	0.991662
1.53698	0.993274
1.53639	0.994931
1.5358	0.996202
1.53521	0.996821
1.53462	0.996663
1.53403	0.995818
1.53344	0.994618
1.53285	0.99343
1.53226	0.992374
1.53167	0.991295
1.53109	0.990065
1.5305	0.988884
1.52992	0.988207
1.52933	0.98833
1.52874	0.989078
1.52816	0.989916
1.52758	0.990372
1.52699	0.990363
1.52641	0.990147
1.52583	0.990029
1.52524	0.990145
1.52466	0.990509
1.52408	0.991146
1.5235	0.992118
1.52292	0.993406
1.52234	0.99483
1.52176	0.996132
1.52118	0.997128
1.5206	0.997745
1.52002	0.997933
1.51944	0.997618
1.51887	0.996767
1.51829	0.995478
1.51771	0.993942
1.51714	0.992333
1.51656	0.990775
1.51599	0.989412
1.51541	0.988425
1.51484	0.987891
1.51426	0.987643
1.51369	0.987351
1.51312	0.986794
1.51254	0.986055
1.51197	0.985438
1.5114	0.985243
1.51083	0.985614
1.51026	0.986556
1.50969	0.988
1.50912	0.989816
1.50855	0.9918
1.50798	0.993672
1.50741	0.995125
1.50684	0.995911
1.50627	0.995957
1.5057	0.995463
1.50514	0.994836
1.50457	0.994458
1.504	0.99444
1.50344	0.994598
1.50287	0.99464
1.50231	0.994392
1.50174	0.993884
1.50118	0.993275
1.50062	0.992701
1.50005	0.992153
1.49949	0.991467
1.49893	0.990497
1.49837	0.989346
1.4978	0.98841
1.49724	0.988116
1.49668	0.988577
1.49612	0.989497
1.49556	0.990416
1.495	0.991043
1.49444	0.991378
1.49388	0.991575
1.49333	0.991709
1.49277	0.991668
1.49221	0.991256
1.49165	0.990455
1.4911	0.989597
1.49054	0.989199
1.48998	0.989523
1.48943	0.990279
1.48887	0.99083
1.48832	0.990712
1.48777	0.989944
1.48721	0.988899
1.48666	0.987992
1.48611	0.987522
1.48555	0.987633
1.485	0.988244
1.48445	0.989039
1.4839	0.989694
1.48335	0.990208
1.4828	0.990898
1.48225	0.991976
1.4817	0.993223
1.48115	0.994146
1.4806	0.994415
1.48005	0.993997
1.4795	0.992933
1.47896	0.991188
1.47841	0.988868
1.47786	0.986455
1.47732	0.984635
1.47677	0.983826
1.47622	0.983926
1.47568	0.984498
1.47513	0.985151
1.47459	0.985744
1.47405	0.986337
1.4735	0.987061
1.47296	0.988002
1.47242	0.989101
1.47187	0.990144
1.47133	0.990882
1.47079	0.99124
1.47025	0.9914
1.46971	0.991664
1.46917	0.992211
1.46863	0.992985
1.46809	0.99378
1.46755	0.994419
1.46701	0.994843
1.46647	0.995068
1.46594	0.995101
1.4654	0.99494
1.46486	0.994617
1.46432	0.99417
1.46379	0.993536
1.46325	0.992524
1.46272	0.990969
1.46218	0.988955
1.46165	0.986847
1.46111	0.985078
1.46058	0.983893
1.46004	0.983294
1.45951	0.983148
1.45898	0.983297
1.45845	0.983606
1.45791	0.984012
1.45738	0.984602
1.45685	0.985582
1.45632	0.987089
1.45579	0.988985
1.45526	0.990887
1.45473	0.992418
1.4542	0.993474
1.45367	0.99423
1.45314	0.994899
1.45261	0.995506
1.45209	0.99591
1.45156	0.996038
1.45103	0.996
1.4505	0.995922
1.44998	0.995685
1.44945	0.994956
1.44893	0.993582
1.4484	0.991903
1.44788	0.990542
1.44735	0.989845
1.44683	0.989566
1.4463	0.989173
1.44578	0.988396
1.44526	0.98746
1.44474	0.986806
1.44421	0.986693
1.44369	0.987038
1.44317	0.987544
1.44265	0.987913
1.44213	0.988051
1.44161	0.988169
1.44109	0.988684
1.44057	0.989898
1.44005	0.991673
1.43953	0.99344
1.43901	0.994592
1.4385	0.994933
1.43798	0.994773
1.43746	0.994589
1.43694	0.994588
1.43643	0.994575
1.43591	0.994244
1.4354	0.993579
1.43488	0.992952
1.43436	0.992781
1.43385	0.99308
1.43334	0.993404
1.43282	0.993293
1.43231	0.992784
1.4318	0.992422
1.43128	0.992732
1.43077	0.993695];


