
x1 = [1.472500e+000, 1.472888e+000, 1.473276e+000, 1.473664e+000, 1.474052e+000, 1.474440e+000, 1.474828e+000, 1.475216e+000, 1.475604e+000, 1.475992e+000, 1.476380e+000, 1.476768e+000, 1.477156e+000, 1.477544e+000, 1.477932e+000, 1.478320e+000, 1.478708e+000, 1.479096e+000, 1.479484e+000, 1.479872e+000, 1.480260e+000, 1.480648e+000, 1.481036e+000, 1.481424e+000, 1.481812e+000, 1.482200e+000, 1.482588e+000, 1.482976e+000, 1.483364e+000, 1.483752e+000, 1.484140e+000, 1.484528e+000, 1.484916e+000, 1.485304e+000, 1.485692e+000, 1.486080e+000, 1.486468e+000, 1.486856e+000, 1.487244e+000, 1.487632e+000, 1.488020e+000, 1.488408e+000, 1.488796e+000, 1.489184e+000, 1.489572e+000, 1.489960e+000, 1.490348e+000, 1.490736e+000, 1.491124e+000, 1.491512e+000, 1.491900e+000, 1.492288e+000, 1.492676e+000, 1.493064e+000, 1.493452e+000, 1.493840e+000, 1.494228e+000, 1.494616e+000, 1.495004e+000, 1.495392e+000, 1.495780e+000, 1.496168e+000, 1.496556e+000, 1.496944e+000, 1.497332e+000, 1.497720e+000, 1.498108e+000, 1.498496e+000, 1.498884e+000, 1.499272e+000, 1.499660e+000, 1.500048e+000, 1.500436e+000, 1.500824e+000, 1.501212e+000, 1.501600e+000, 1.501988e+000, 1.502376e+000, 1.502764e+000, 1.503152e+000, 1.503540e+000, 1.503928e+000, 1.504316e+000, 1.504704e+000, 1.505092e+000, 1.505480e+000, 1.505868e+000, 1.506256e+000, 1.506644e+000, 1.507032e+000, 1.507420e+000, 1.507808e+000, 1.508196e+000, 1.508584e+000, 1.508972e+000, 1.509360e+000, 1.509748e+000, 1.510136e+000, 1.510524e+000, 1.510912e+000, 1.511300e+000, 1.511688e+000, 1.512076e+000, 1.512464e+000, 1.512852e+000, 1.513240e+000, 1.513628e+000, 1.514016e+000, 1.514404e+000, 1.514792e+000, 1.515180e+000, 1.515568e+000, 1.515956e+000, 1.516344e+000, 1.516732e+000, 1.517120e+000, 1.517508e+000, 1.517896e+000, 1.518284e+000, 1.518672e+000, 1.519060e+000, 1.519448e+000, 1.519836e+000, 1.520224e+000, 1.520612e+000, 1.521000e+000, 1.521388e+000, 1.521776e+000, 1.522164e+000, 1.522552e+000, 1.522940e+000, 1.523328e+000, 1.523716e+000, 1.524104e+000, 1.524492e+000, 1.524880e+000, 1.525268e+000, 1.525656e+000, 1.526044e+000, 1.526432e+000, 1.526820e+000, 1.527208e+000, 1.527596e+000, 1.527984e+000, 1.528372e+000, 1.528760e+000, 1.529148e+000, 1.529536e+000, 1.529924e+000, 1.530312e+000, 1.530700e+000, 1.531088e+000, 1.531476e+000, 1.531864e+000, 1.532252e+000, 1.532640e+000, 1.533028e+000, 1.533416e+000, 1.533804e+000, 1.534192e+000, 1.534580e+000, 1.534968e+000, 1.535356e+000, 1.535744e+000, 1.536132e+000, 1.536520e+000, 1.536908e+000, 1.537296e+000, 1.537684e+000, 1.538072e+000, 1.538460e+000, 1.538848e+000, 1.539236e+000, 1.539624e+000, 1.540012e+000, 1.540400e+000, 1.540788e+000, 1.541176e+000, 1.541564e+000, 1.541952e+000, 1.542340e+000, 1.542728e+000, 1.543116e+000, 1.543504e+000, 1.543892e+000, 1.544280e+000, 1.544668e+000, 1.545056e+000, 1.545444e+000, 1.545832e+000, 1.546220e+000, 1.546608e+000, 1.546996e+000, 1.547384e+000, 1.547772e+000, 1.548160e+000, 1.548548e+000, 1.548936e+000, 1.549324e+000, 1.549712e+000, 1.550100e+000, 1.550488e+000, 1.550876e+000, 1.551264e+000, 1.551652e+000, 1.552040e+000, 1.552428e+000, 1.552816e+000, 1.553204e+000, 1.553592e+000, 1.553980e+000, 1.554368e+000, 1.554756e+000, 1.555144e+000, 1.555532e+000, 1.555920e+000, 1.556308e+000, 1.556696e+000, 1.557084e+000, 1.557472e+000, 1.557860e+000, 1.558248e+000, 1.558636e+000, 1.559024e+000, 1.559412e+000, 1.559800e+000, 1.560188e+000, 1.560576e+000, 1.560964e+000, 1.561352e+000, 1.561740e+000, 1.562128e+000, 1.562516e+000, 1.562904e+000, 1.563292e+000, 1.563680e+000, 1.564068e+000, 1.564456e+000, 1.564844e+000, 1.565232e+000, 1.565620e+000, 1.566008e+000, 1.566396e+000, 1.566784e+000, 1.567172e+000, 1.567560e+000, 1.567948e+000, 1.568336e+000, 1.568724e+000, 1.569112e+000, 1.569500e+000, 1.569888e+000, 1.570276e+000, 1.570664e+000, 1.571052e+000, 1.571440e+000, 1.571828e+000, 1.572216e+000, 1.572604e+000, 1.572992e+000, 1.573380e+000, 1.573768e+000, 1.574156e+000, 1.574544e+000, 1.574932e+000, 1.575320e+000, 1.575708e+000, 1.576096e+000, 1.576484e+000, 1.576872e+000, 1.577260e+000, 1.577648e+000, 1.578036e+000, 1.578424e+000, 1.578812e+000, 1.579200e+000, 1.579588e+000, 1.579976e+000, 1.580364e+000, 1.580752e+000, 1.581140e+000, 1.581528e+000, 1.581916e+000, 1.582304e+000, 1.582692e+000, 1.583080e+000, 1.583468e+000, 1.583856e+000, 1.584244e+000, 1.584632e+000, 1.585020e+000, 1.585408e+000, 1.585796e+000, 1.586184e+000, 1.586572e+000, 1.586960e+000, 1.587348e+000, 1.587736e+000, 1.588124e+000, 1.588512e+000, 1.588900e+000, 1.589288e+000, 1.589676e+000, 1.590064e+000, 1.590452e+000, 1.590840e+000, 1.591228e+000, 1.591616e+000, 1.592004e+000, 1.592392e+000, 1.592780e+000, 1.593168e+000, 1.593556e+000, 1.593944e+000, 1.594332e+000, 1.594720e+000, 1.595108e+000, 1.595496e+000, 1.595884e+000, 1.596272e+000, 1.596660e+000, 1.597048e+000, 1.597436e+000, 1.597824e+000, 1.598212e+000, 1.598600e+000, 1.598988e+000, 1.599376e+000, 1.599764e+000, 1.600152e+000, 1.600540e+000, 1.600928e+000, 1.601316e+000, 1.601704e+000, 1.602092e+000, 1.602480e+000, 1.602868e+000, 1.603256e+000, 1.603644e+000, 1.604032e+000, 1.604420e+000, 1.604808e+000, 1.605196e+000, 1.605584e+000, 1.605972e+000, 1.606360e+000, 1.606748e+000, 1.607136e+000, 1.607524e+000, 1.607912e+000, 1.608300e+000, 1.608688e+000, 1.609076e+000, 1.609464e+000, 1.609852e+000, 1.610240e+000, 1.610628e+000, 1.611016e+000, 1.611404e+000, 1.611792e+000, 1.612180e+000, 1.612568e+000, 1.612956e+000, 1.613344e+000, 1.613732e+000, 1.614120e+000, 1.614508e+000, 1.614896e+000, 1.615284e+000, 1.615672e+000, 1.616060e+000, 1.616448e+000, 1.616836e+000, 1.617224e+000, 1.617612e+000, 1.618000e+000, 1.618388e+000, 1.618776e+000, 1.619164e+000, 1.619552e+000, 1.619940e+000, 1.620328e+000, 1.620716e+000, 1.621104e+000, 1.621492e+000, 1.621880e+000, 1.622268e+000, 1.622656e+000, 1.623044e+000, 1.623432e+000, 1.623820e+000, 1.624208e+000, 1.624596e+000, 1.624984e+000, 1.625372e+000, 1.625760e+000, 1.626148e+000, 1.626536e+000, 1.626924e+000];

% Total Px - T(Abs^2) ((1e0)) (1-399)
