
d_1 = [1.6	0.0270668
1.59946	0.00770406
1.59893	0.000786411
1.59839	0.000546827
1.59786	0.000370726
1.59732	0.00104034
1.59679	0.00109597
1.59626	0.061365
1.59572	0.281792
1.59519	0.0187886
1.59466	0.00162427
1.59413	0.000342644
1.59359	0.000804175
1.59306	0.00025878
1.59253	0.00201655
1.592	0.0101319
1.59147	0.152587
1.59094	0.040011
1.59041	0.00100038
1.58988	0.000694682
1.58935	0.000353427
1.58882	0.000190419
1.58829	0.00101744
1.58777	0.00098578
1.58724	0.0751099
1.58671	0.134217
1.58618	0.00324418
1.58566	0.00144214
1.58513	0.000125288
1.58461	0.000534326
1.58408	0.000426543
1.58355	0.000857401
1.58303	0.0341465
1.5825	0.244152
1.58198	0.0189767
1.58146	0.00100934
1.58093	0.000239036
1.58041	0.000485716
1.57989	0.000142302
1.57937	0.0010494
1.57884	0.00461588
1.57832	0.0768029
1.5778	0.0296338
1.57728	0.00102696
1.57676	0.000691318
1.57624	0.00016367
1.57572	0.000263665
1.5752	0.000443669
1.57468	0.000698173
1.57416	0.0193232
1.57364	0.127545
1.57312	0.0108896
1.5726	0.000755997
1.57209	0.000146917
1.57157	0.000436886
1.57105	9.75163e-05
1.57054	0.00095035
1.57002	0.00732677
1.5695	0.17844
1.56899	0.0391476
1.56847	0.000301398
1.56796	0.000432668
1.56744	0.000204527
1.56693	9.39558e-05
1.56642	0.00063033
1.5659	0.000599669
1.56539	0.0344098
1.56488	0.0544872
1.56436	0.00196579
1.56385	0.000688524
1.56334	7.18339e-05
1.56283	0.000273972
1.56232	0.000105579
1.56181	0.000567009
1.56129	0.00646896
1.56078	0.144185
1.56027	0.0334455
1.55976	0.000194073
1.55926	0.000406165
1.55875	0.000140869
1.55824	8.71303e-05
1.55773	0.000496639
1.55722	0.000897261
1.55671	0.0424556
1.55621	0.0424348
1.5557	0.00119067
1.55519	0.000411516
1.55469	7.16684e-05
1.55418	0.000133748
1.55368	0.000171432
1.55317	0.000256755
1.55267	0.00850307
1.55216	0.0855183
1.55166	0.0140108
1.55115	0.000203741
1.55065	0.000255062
1.55015	0.000114204
1.54964	5.89803e-05
1.54914	0.000389032
1.54864	0.000566376
1.54814	0.0378283
1.54763	0.0467371
1.54713	0.00112932
1.54663	0.000358729
1.54613	4.83075e-05
1.54563	0.000119645
1.54513	0.000129775
1.54463	0.000225229
1.54413	0.00600823
1.54363	0.0690749
1.54313	0.0125466
1.54264	0.00011248
1.54214	0.000200884
1.54164	7.82121e-05
1.54114	4.12585e-05
1.54065	0.000326026
1.54015	0.000164144
1.53965	0.0311075
1.53916	0.0567675
1.53866	0.000781976
1.53816	0.000431557
1.53767	1.5458e-05
1.53717	0.000149869
1.53668	7.32015e-05
1.53619	0.000188624
1.53569	0.00634935
1.5352	0.079387
1.5347	0.0104209
1.53421	0.000120286
1.53372	0.000122198
1.53323	6.85434e-05
1.53273	2.86442e-05
1.53224	0.000206758
1.53175	0.000209079
1.53126	0.0150045
1.53077	0.0290591
1.53028	0.00112067
1.52979	0.000233409
1.5293	1.83984e-05
1.52881	0.000125361
1.52832	2.1055e-05
1.52783	0.000266666
1.52734	0.0016919
1.52685	0.0685194
1.52637	0.0206614
1.52588	4.05737e-05
1.52539	0.000187218
1.5249	3.51015e-05
1.52442	3.14372e-05
1.52393	0.000130934
1.52344	0.000233824
1.52296	0.0111894
1.52247	0.0123587
1.52199	0.00103314
1.5215	0.000153699
1.52102	3.633e-05
1.52053	4.02378e-05
1.52005	2.55524e-05
1.51957	0.000148354
1.51908	0.000363194
1.5186	0.0264441
1.51812	0.0259486
1.51764	5.25887e-05
1.51715	0.000325479
1.51667	3.32014e-06
1.51619	9.61539e-05
1.51571	6.95167e-05
1.51523	6.79338e-05
1.51475	0.00771179
1.51427	0.0620163
1.51379	0.00365542
1.51331	0.00011266
1.51283	2.54843e-05
1.51235	7.77174e-05
1.51187	4.0711e-06
1.51139	0.000189721
1.51091	0.000134216
1.51044	0.022445
1.50996	0.0210738
1.50948	0.000106766
1.509	0.000208112
1.50853	3.23556e-06
1.50805	7.06385e-05
1.50758	1.31829e-05
1.5071	0.000123052
1.50662	0.00110584
1.50615	0.027807
1.50567	0.00840114
1.5052	2.62483e-05
1.50473	8.90627e-05
1.50425	1.49937e-05
1.50378	1.7184e-05
1.50331	9.64158e-05
1.50283	1.48356e-05
1.50236	0.0111088
1.50189	0.0403151
1.50141	0.00088501
1.50094	0.000153223
1.50047	4.45685e-06
1.5	8.15255e-05];


d_2 = [1.6	0.00171086
1.59946	0.00521566
1.59893	0.00894888
1.59839	0.0945
1.59786	0.126527
1.59732	0.0314015
1.59679	0.00658948
1.59626	0.00596852
1.59572	0.00556876
1.59519	0.0137808
1.59466	0.0822268
1.59413	0.568048
1.59359	0.248191
1.59306	0.0240188
1.59253	0.0117871
1.592	0.0063715
1.59147	0.0105843
1.59094	0.0198777
1.59041	0.14818
1.58988	0.311373
1.58935	0.0638757
1.58882	0.0124575
1.58829	0.00609889
1.58777	0.00652186
1.58724	0.0111449
1.58671	0.0499418
1.58618	0.116623
1.58566	0.0483889
1.58513	0.0111175
1.58461	0.00740725
1.58408	0.00755134
1.58355	0.016278
1.58303	0.0823384
1.5825	0.400442
1.58198	0.217383
1.58146	0.0340353
1.58093	0.0191794
1.58041	0.012258
1.57989	0.0234451
1.57937	0.0579983
1.57884	0.402768
1.57832	0.471575
1.5778	0.0692798
1.57728	0.0217236
1.57676	0.0100258
1.57624	0.0138569
1.57572	0.0220251
1.5752	0.081278
1.57468	0.088737
1.57416	0.024173
1.57364	0.00916562
1.57312	0.00693868
1.5726	0.0111056
1.57209	0.0331932
1.57157	0.178578
1.57105	0.248181
1.57054	0.0662737
1.57002	0.0309848
1.5695	0.0196888
1.56899	0.0358879
1.56847	0.0789969
1.56796	0.502516
1.56744	0.682682
1.56693	0.138714
1.56642	0.0409537
1.5659	0.0213365
1.56539	0.0246436
1.56488	0.040003
1.56436	0.125923
1.56385	0.146276
1.56334	0.0450193
1.56283	0.0179009
1.56232	0.0126071
1.56181	0.0191223
1.56129	0.0551251
1.56078	0.178536
1.56027	0.149158
1.55976	0.051929
1.55926	0.0313811
1.55875	0.0329536
1.55824	0.0654994
1.55773	0.269573
1.55722	0.776937
1.55671	0.371498
1.55621	0.0928454
1.5557	0.0500281
1.55519	0.0451517
1.55469	0.0730953
1.55418	0.223178
1.55368	0.439385
1.55317	0.189536
1.55267	0.0531733
1.55216	0.0285839
1.55166	0.0284883
1.55115	0.0535668
1.55065	0.116041
1.55015	0.108715
1.54964	0.0455615
1.54914	0.027862
1.54864	0.0303946
1.54814	0.0625981
1.54763	0.205427
1.54713	0.416136
1.54663	0.219298
1.54613	0.0973473
1.54563	0.0662176
1.54513	0.0883899
1.54463	0.179354
1.54413	0.595648
1.54363	0.660124
1.54313	0.203397
1.54264	0.0749949
1.54214	0.0472749
1.54164	0.0524235
1.54114	0.0809641
1.54065	0.100363
1.54015	0.0497105
1.53965	0.0188497
1.53916	0.0137911
1.53866	0.0200346
1.53816	0.0573643
1.53767	0.152363
1.53717	0.154221
1.53668	0.0980431
1.53619	0.0783314
1.53569	0.10667
1.5352	0.233792
1.5347	0.701635
1.53421	0.802038
1.53372	0.299438
1.53323	0.130275
1.53273	0.0891462
1.53224	0.101664
1.53175	0.161436
1.53126	0.204294
1.53077	0.102829
1.53028	0.0418729
1.52979	0.0279286
1.5293	0.0324294
1.52881	0.0622857
1.52832	0.0930614
1.52783	0.0861546
1.52734	0.0651613
1.52685	0.0751953
1.52637	0.134379
1.52588	0.372536
1.52539	0.661573
1.5249	0.438736
1.52442	0.216036
1.52393	0.162892
1.52344	0.190181
1.52296	0.345517
1.52247	0.589671
1.52199	0.433027
1.5215	0.166175
1.52102	0.0860459
1.52053	0.064669
1.52005	0.0735386
1.51957	0.0715561
1.51908	0.0525445
1.5186	0.0332972
1.51812	0.0336381
1.51764	0.0554732
1.51715	0.128965
1.51667	0.216714
1.51619	0.189399
1.51571	0.152963
1.51523	0.174173
1.51475	0.28981
1.51427	0.63328
1.51379	0.914466
1.51331	0.543294
1.51283	0.253468
1.51235	0.162432
1.51187	0.148828
1.51139	0.15086
1.51091	0.109804
1.51044	0.0448372
1.50996	0.0168721
1.50948	0.011297
1.509	0.0165712
1.50853	0.0343883
1.50805	0.0488967
1.50758	0.0610716
1.5071	0.0957051
1.50662	0.191896
1.50615	0.466689
1.50567	0.790168
1.5052	0.6185
1.50473	0.370212
1.50425	0.293788
1.50378	0.325294
1.50331	0.416992
1.50283	0.3767
1.50236	0.19275
1.50189	0.0855796
1.50141	0.0506843
1.50094	0.0393457
1.50047	0.0306174
1.5	0.0217936];

